lat: 37.605534
lon: -97.322205
